STRIX-1                 
1 53815U 22113A   26261.25472743  .00023958  00000+0  53137-3 0  9990
2 53815  97.4388 325.1536 0002292 242.5114 117.5901 15.43734873221781
STRIX-3                 
1 59224U 24047A   26261.19537414  .00006259  00000+0  28783-3 0  9992
2 59224  97.6725 238.3792 0014712  98.1271 262.1634 15.20624473138872
STRIX-4                 
1 60352U 24137A   26261.07541936  .00016024  00000+0  46277-3 0  9996
2 60352  43.0143 115.4554 0017646 202.3790 157.6297 15.35282044118286
STRIX-2                 
1 62406U 24248A   26261.28448375  .00005360  00000+0  33495-3 0  9996
2 62406  97.6383 216.4813 0016193  22.7896 337.4049 15.09771745 95634
STRIX-5                 
1 65971U 25229A   26260.36695047  .00003165  00000+0  22945-3 0  9993
2 65971  41.9271 136.0223 0037288 296.5900  63.1108 15.04994457 50866
STRIX-6                 
1 68291U 26056A   26261.03607947  .00003608  00000+0  30143-3 0  9998
2 68291  50.2813 270.7223 0016626 240.8437 119.0849 15.00721398 27219
STRIX-7                 
1 69177U 26112A   26260.90377303  .00002826  00000+0  22866-3 0  9994
2 69177  44.9074  65.2734 0025183 209.3656 150.5801 15.01976407 17814
STRIX-8                 
1 69701U 26146A   26261.20532229  .00003036  00000+0  22446-3 0  9996
2 69701  41.9906  12.8424 0005712  97.6157 262.5319 15.04847435 12579
